[gd_scene load_steps=8 format=2]

[ext_resource path="res://addons/openvr_overlay/OverlayInstance.tscn" type="PackedScene" id=1]
[ext_resource path="res://overlays/FPSOverlay.tscn" type="PackedScene" id=2]
[ext_resource path="res://overlays/TimeOverlay.tscn" type="PackedScene" id=3]
[ext_resource path="res://overlays/xyz_widget/XYZ Widget.tscn" type="PackedScene" id=4]
[ext_resource path="res://overlays/UI_demo.tscn" type="PackedScene" id=5]
[ext_resource path="res://overlays/BatteryOverlay.tscn" type="PackedScene" id=7]
[ext_resource path="res://addons/openvr_overlay/OverlayInteraction.tscn" type="PackedScene" id=8]

[node name="Overlays" type="Node"]

[node name="OverlayInstance FPS" parent="." instance=ExtResource( 1 )]
transform = Transform( -4.37114e-08, -0.707107, -0.707107, 0, -0.707107, 0.707107, -1, 3.09086e-08, 3.09086e-08, 0.05, -0.01, 0.15 )
target = 1
overlay_scene = ExtResource( 2 )

[node name="OverlayInstance Time" parent="." instance=ExtResource( 1 )]
transform = Transform( -4.37114e-08, -0.707107, -0.707107, 0, -0.707107, 0.707107, -1, 3.09086e-08, 3.09086e-08, -0.05, 0.02, 0.15 )
target = 1
overlay_scene = ExtResource( 3 )
width_meters = 0.1

[node name="OverlayInteraction" parent="OverlayInstance Time" instance=ExtResource( 8 )]

[node name="OverlayInstance Battery" parent="." instance=ExtResource( 1 )]
transform = Transform( -4.37114e-08, -0.707107, -0.707107, 0, -0.707107, 0.707107, -1, 3.09086e-08, 3.09086e-08, -0.12, 0, 0.1 )
target = 1
overlay_scene = ExtResource( 7 )

[node name="OverlayInstance UI demo" parent="." instance=ExtResource( 1 )]
transform = Transform( -4.37114e-08, -1, -4.37114e-08, 0, -4.37114e-08, 1, -1, 4.37114e-08, 1.91069e-15, 0, 0, -0.25 )
target = 1
overlay_scene = ExtResource( 5 )

[node name="OverlayInteraction" parent="OverlayInstance UI demo" instance=ExtResource( 8 )]

[node name="XYZ Widget" parent="." instance=ExtResource( 4 )]
